(-28.5455 2.6621 -0.1929 0.7398 0.2891 0.4518 0.1963 -0.2182 0.1166 -0.3001 -0.0241 0.2892 -0.0709),
(-28.6601 2.0551 -1.1844 2.0280 -0.0195 0.1821 0.1478 -0.0139 0.2208 0.1892 0.8377 -0.1965 0.0443),
(-27.5601 3.6256 -0.7111 1.9459 -0.5254 0.2419 0.6704 0.1729 0.2808 -0.5852 0.0536 0.2653 -0.1867),
(-29.7100 2.8735 -1.4913 0.6636 -0.4123 0.9638 0.1491 -0.1447 0.4974 -0.2188 0.0437 -0.0127 0.5829),
(-28.5076 3.4071 0.1418 1.4963 0.5450 0.8923 0.6095 0.2540 0.6086 0.1644 -0.3327 -0.3583 -0.2004),
(-28.4032 3.5101 -0.2814 0.9826 0.6815 -0.0628 -0.3797 0.3493 0.4004 -0.0590 0.1905 0.0483 0.0445),
(-28.6459 4.1373 -0.5572 1.2715 -0.6027 -0.0242 0.4310 -0.1975 0.5071 -0.0863 0.0357 0.1900 -0.2755),
(-27.7988 4.3359 -0.3067 0.9382 -0.3490 0.0573 0.4111 -0.2836 -0.0982 -0.2366 0.4736 0.9526 -0.0722),
(-22.5153 4.6251 0.5335 0.2266 0.2500 0.6615 0.2397 -0.0983 0.3003 0.3336 -0.1049 0.1028 0.3715),
(-26.7102 3.8240 -1.0565 0.9967 -0.4273 0.7831 1.2475 -0.0949 -0.0004 -0.1447 -0.2531 -0.2267 0.2606),
(-25.8868 2.9599 -0.3550 1.5411 -0.4931 0.7261 0.8532 -0.1655 -0.0026 -0.4608 0.0221 -0.3759 -0.1486),
(-27.0218 3.8188 -0.6055 1.7198 -0.1165 0.0712 0.1664 0.2172 0.1231 -0.3312 0.3066 -0.0300 0.1930),
(-27.0564 2.8333 0.0169 1.1117 1.1978 0.7153 0.3417 -0.0154 0.3030 0.1478 0.0726 0.2856 -0.2349),
(-26.3376 4.0931 -1.6335 0.4188 -0.0607 -0.2302 0.6448 0.7325 0.8382 0.6560 0.4173 0.1534 0.4347),
(-26.7278 3.1220 -0.7711 0.8149 0.0317 0.3706 0.2956 -0.0513 -0.2121 -0.3059 0.7490 -0.1437 -0.3515),
(-24.5503 3.6960 0.6096 1.1935 0.6366 0.3953 0.3530 0.6447 0.8775 0.8689 0.5481 0.0663 0.2857),
(-29.6773 2.9031 -0.8242 1.9621 0.1098 0.5325 -0.0210 -0.1950 0.4752 -0.4664 -0.1503 0.1941 0.1786),
(-21.8057 3.3362 -1.1999 0.4558 0.0731 -0.6973 0.1913 0.1963 -0.0665 0.5533 0.6308 0.1354 0.1770),
(-26.1133 2.5985 -1.3450 1.4521 -0.4061 0.7903 0.3706 0.4847 1.2857 -0.1067 0.3174 0.1552 0.1373),
(-28.9095 3.2154 -0.3034 1.2136 0.2595 0.6023 -0.0386 -0.3544 0.1058 -0.5927 0.0700 0.3577 0.2905),
(-26.4855 2.7781 -0.9293 1.3314 -0.6001 0.2142 0.1188 0.2103 0.6599 -0.0965 0.9058 0.1862 -0.4191),
(-28.3559 2.6214 -1.3774 1.9944 -0.5058 0.7699 0.3215 0.1859 0.6023 -0.5767 0.2289 -0.3262 0.0802),
(-26.0951 2.5046 0.8779 1.0558 0.7322 0.7135 0.7126 0.5875 0.6375 0.6319 0.5548 0.6900 0.4019),
(-22.0555 3.7261 1.2817 1.6367 0.9193 0.3491 0.2393 0.4480 0.0543 -0.1469 0.4468 0.6088 0.3700),
(-27.2007 3.4180 0.5124 1.2198 1.0768 1.2293 0.7031 0.2319 0.1758 0.3771 0.8974 0.3303 -0.2411),
(-25.8923 5.1542 -1.7927 0.4081 -1.3920 -0.2822 1.0747 -0.2074 0.4113 0.0649 -0.0778 0.1688 -0.3166),
(-26.7938 3.6576 -1.1197 1.2071 0.5257 0.6144 0.5328 -0.2090 0.1398 -0.0622 -0.2681 0.2331 0.4639),
(-26.1077 4.3957 -1.0297 1.2918 -0.8272 0.0549 0.0776 0.1231 0.6173 -0.4127 0.4148 -0.1799 -0.0718),
(-27.5983 3.6824 -0.2990 1.7020 -1.2178 0.2586 0.3130 -0.4817 0.0524 0.3380 0.9644 -0.1474 -0.4175),
(-27.4833 3.3837 -1.4119 0.5246 -0.0651 0.5094 0.8911 0.0566 0.3050 0.0521 -0.1922 -0.2501 -0.3679),
(-26.3686 3.3388 -0.1638 0.9694 0.2795 0.3718 0.4753 0.3256 0.4963 0.2191 0.3952 0.5507 -0.1029),
(-28.9905 3.8270 -1.4014 0.6259 0.0497 0.7789 0.5164 0.0879 0.2431 -0.3087 -0.1662 -0.2360 -0.1839),
(-30.5281 3.1391 -0.7847 1.4595 -0.1761 -0.3341 -0.1613 -0.4708 1.0580 0.7519 -0.1221 -0.0033 -0.3570),
(-28.1001 3.0662 -0.4867 0.9398 -0.6624 0.1724 0.8854 0.3424 0.2825 0.2443 0.4626 -0.1855 -0.0214),
(-28.7520 2.2634 0.2074 0.3569 0.6152 0.8570 0.3703 0.1037 0.4430 -0.0150 -0.1458 -0.2130 -0.2444),
(-27.4059 3.2505 -2.1896 0.8648 -0.4017 0.7714 0.3704 -0.0827 0.9207 -0.1161 -0.3196 0.1288 0.0107),
(-30.5486 2.9040 -0.8630 1.6745 -0.4814 0.9501 0.4959 -0.6371 -0.1464 -0.3592 0.4628 0.3975 0.0197),
(-28.3951 3.7827 0.1776 1.2032 0.2364 0.3015 0.7514 0.6865 0.9041 0.6714 0.0784 -0.1930 -0.1393),
(-27.1914 2.9969 -0.4371 1.7647 0.3662 0.2895 -0.2668 -0.3632 -0.0208 -0.1497 1.0020 0.1807 -0.2514),
(-28.1968 2.7959 0.5036 1.1517 0.7654 1.2286 0.3400 -0.1370 -0.2879 -0.1846 0.6100 0.0099 0.0410),
(-30.1279 2.8032 -0.8169 1.1533 -0.2795 0.6139 -0.1704 0.3140 0.1850 -0.6961 1.0768 0.4450 0.0690),
(-27.3668 3.5492 -1.1523 1.1198 -0.2301 0.0115 0.0779 0.0500 0.2994 0.0253 0.9106 0.4793 -0.2658),
(-26.3004 4.1740 -2.2326 1.4078 -1.3387 -0.0098 0.4801 0.3425 0.5223 -0.7065 -0.0184 0.3337 -0.2570),
(-23.6003 3.6647 -2.6800 2.0151 0.1364 0.4378 1.0556 0.2320 0.1528 -0.2940 -0.2775 -0.1614 0.3498),
(-25.8818 4.1280 -1.4285 1.9257 -1.1713 0.0881 0.4120 -0.7783 0.4531 -0.0323 0.1928 -0.2463 0.0125),
(-26.2410 3.0872 -0.0588 1.3438 -0.2014 0.2449 0.1923 -0.0687 0.4180 0.1969 0.4785 -0.0923 -0.3330),
(-27.2207 3.4521 -0.3120 1.0482 -0.4868 0.2421 0.5809 0.0191 0.1316 -0.1098 0.0681 -0.0110 0.1483),
(-28.5558 4.3322 -0.4342 1.1497 -0.2167 -0.2936 0.0932 0.4191 0.4583 -0.3785 -0.0133 -0.0995 -0.1870),
(-28.4498 2.9323 -0.5390 1.0850 0.2002 0.4289 0.4202 0.0360 0.5606 0.1872 -0.0664 0.1363 -0.1120),
(-30.5896 3.0364 -1.0749 1.5179 -0.3457 0.3243 0.1931 -0.3682 0.4480 -0.1359 -0.1007 0.4012 0.2162),
(-30.4207 3.1264 -0.8552 1.3864 -0.3525 0.0396 0.0522 0.3255 0.9169 0.2877 0.1803 0.1788 -0.1624),
(-27.8650 3.2246 -1.3717 2.4574 -0.5865 1.1718 -0.0063 -0.5154 0.7308 -0.1219 0.3186 -0.0392 0.2792),
(-30.5511 2.8082 -0.9513 0.9447 -0.0540 0.2791 0.4586 -0.5044 -0.2961 -0.7410 -0.0847 0.1439 0.3076),
(-30.9074 2.6541 -0.9458 1.4038 -0.2414 0.6379 0.9933 0.3277 -0.0713 -0.8526 0.0790 -0.3195 -0.5027),
(-25.4196 2.6445 -1.7384 1.1368 -0.3259 0.2008 0.1511 0.2406 0.9004 -0.0002 0.3045 0.3876 0.1962),
(-25.9983 2.9932 -1.6783 1.7867 -0.5691 0.8949 0.1905 -0.1194 0.7311 -0.2594 0.4236 -0.1057 0.0511),
(-28.1820 2.8316 -1.6414 1.1969 -0.4096 0.6077 -0.1531 -0.4334 0.9154 0.2295 0.1332 -0.2995 -0.2211),
(-21.7257 4.0816 -0.0142 1.4564 -0.5971 -0.1346 -0.0188 0.2450 0.6122 -0.1205 0.4144 -0.2424 -0.6970),
(-22.9242 4.8628 -0.2350 1.0292 0.0544 0.9493 0.8573 -0.0179 0.1609 -0.5710 -0.5899 -0.1944 -0.3967),
(-27.8411 3.1668 -0.1624 2.5059 0.3883 -0.4321 -0.4733 -0.4936 -0.0704 0.0707 0.4928 0.1043 -0.0939),
(-23.8874 3.3141 -1.7980 2.0847 -1.6295 0.2503 -0.3797 0.0883 0.2585 0.2250 1.4226 -0.8820 -0.0776),
(-25.4609 3.6297 0.6390 1.3811 0.9093 0.5649 0.0723 0.3946 0.4426 -0.1447 0.0757 0.0530 -0.2635),
(-27.3441 4.7143 -0.2999 1.9378 -0.3165 -0.0847 0.0235 -0.2209 0.4117 -0.2606 0.3803 0.5949 -0.3885),
(-28.0694 3.2049 -1.0684 1.0104 -0.3706 0.4503 0.3321 0.0413 0.6920 0.1691 0.4624 0.4329 -0.0298),
(-25.5196 3.2831 -2.0883 1.5195 -0.8529 0.5155 -0.0030 0.1585 0.5503 -0.7701 0.1576 -0.1585 0.1027),
(-27.3841 2.8973 -1.1088 0.8565 -0.5075 1.0829 0.9108 -0.1201 0.3841 -0.3827 0.2143 0.5285 -0.2290),
(-27.9966 3.0718 -1.2211 1.2175 -0.8267 -0.2860 0.1301 0.0235 0.6849 -0.4630 -0.1966 0.4830 0.0493),
(-30.2192 3.1195 -1.4990 1.4175 -0.6707 0.0320 -0.4373 -0.7012 0.3020 -0.0226 0.3736 -0.1374 -0.0859),
(-23.1586 3.5096 -0.0518 1.5533 -0.3902 0.6581 0.3500 -0.2463 0.0029 -0.3325 0.6429 0.2396 -0.2117),
(-27.7323 2.7973 -1.3333 1.3977 -0.3058 1.1137 1.0260 0.2515 0.1739 -0.6578 0.0249 -0.0975 -0.1572),
(-23.8236 3.9485 -0.7468 1.1629 -0.8039 0.6410 0.1358 -0.2376 0.9404 -0.0872 0.0054 -0.1393 -0.0444),
(-28.7460 3.3082 -1.0325 1.9235 0.0828 0.4902 -0.0301 -0.0012 0.4392 0.0503 0.4413 0.1637 -0.0691),
(-26.4633 2.6380 -0.8242 1.2190 0.1658 0.3896 0.3759 -0.1341 0.5175 0.7150 0.8777 0.1279 -0.3142),
(-27.4297 3.6961 -0.9892 1.0915 -1.0380 0.4291 0.6894 -0.1018 0.4744 -0.2583 -0.1380 -0.1204 0.1737),
(-27.3129 3.5937 -0.8989 1.5434 -0.4285 0.2231 0.5172 -0.1743 0.3221 0.3887 0.5402 0.1714 -0.2254),
(-28.5670 3.0463 0.1947 1.8495 0.3793 0.8125 0.7599 0.3769 0.2490 -0.0429 0.5442 0.2208 0.1194),
(-28.8417 3.7327 -0.7099 1.0655 0.0123 0.2886 0.4248 -0.0745 0.1863 0.1854 0.1005 -0.1548 -0.0008),
(-28.7048 4.7780 -0.6979 1.3852 -0.4451 0.2622 0.8300 -0.1142 -0.2547 -0.2800 0.4954 0.0398 -0.4604),
(-41.4781 -2.1087 1.0020 -0.2238 -0.4639 0.9572 0.3354 -0.2518 0.0727 0.2967 -0.0379 0.1332 0.5654),
(-14.3438 -2.2514 -1.8710 -1.8063 -0.5843 -0.7727 -0.0711 -0.2183 1.2412 0.6388 -0.4325 0.3157 0.1343),
(-10.9653 -1.0592 -0.0453 -0.9931 -0.3863 0.5545 0.2519 0.4905 -0.3774 0.0360 0.5030 -0.3983 0.5028),
(-42.3019 -2.0143 1.5457 0.3109 -0.1901 0.8177 0.2109 -0.4114 0.3601 0.4639 -0.5625 -0.2447 -0.0363),
(-15.5941 5.2873 -0.9293 -1.4784 -0.7699 -0.3495 -0.5655 -0.4976 -0.1020 0.3001 -0.4059 -0.3163 -0.0676),
(-10.4186 1.5343 -0.3798 -0.1766 -1.1939 -0.0070 -0.2737 -0.1925 0.1057 0.0940 -0.6498 -0.2091 -0.1869),
(-19.3321 0.3359 -0.2162 -0.0348 0.5295 -1.1040 -0.1823 -0.3255 -0.0406 -0.2634 -0.4113 -0.2059 0.0713),
(-41.8207 -1.5271 1.6695 -0.5170 -0.2917 -0.3549 -0.3306 -0.3256 -0.1521 0.0829 -0.5236 -0.3448 -0.2062)